<?xml version="1.0" encoding="UTF-8" standalone="no"?>
<!DOCTYPE svg PUBLIC "-//W3C//DTD SVG 20010904//EN"
              "http://www.w3.org/TR/2001/REC-SVG-20010904/DTD/svg10.dtd">

<svg xmlns="http://www.w3.org/2000/svg"
     width="5.68889in" height="5.68889in"
     viewBox="0 0 512 512">
  <path id="Imported Path"
        fill="none" stroke="black" stroke-width="1"
        d="M 316.50,70.25
           C 315.78,77.20 314.77,83.99 313.50,90.59
             325.81,100.71 337.14,113.31 346.88,129.12
             334.40,120.03 321.71,114.14 308.60,110.72
             307.02,115.93 305.24,121.03 303.22,125.97
             312.10,130.29 320.77,135.70 329.09,142.41
             317.70,141.19 306.84,140.76 296.25,140.69
             293.96,144.94 291.45,149.04 288.75,153.03
             325.94,158.41 363.11,170.77 399.78,190.41
             399.01,153.47 373.67,108.74 316.50,70.25
             316.50,70.25 316.50,70.25 316.50,70.25 Z
           M 15.47,93.12
           C 24.31,104.01 31.94,115.17 38.16,126.65
             61.63,132.44 85.85,142.94 110.19,160.65
             88.45,154.19 69.00,153.16 50.69,156.22
             53.64,165.83 55.59,175.67 56.44,185.78
             56.44,185.78 84.84,193.90 84.84,193.90
             84.84,193.90 56.72,204.90 56.72,204.90
             56.08,216.92 53.90,229.30 50.03,242.09
             60.05,244.37 70.60,244.61 82.28,228.93
             92.22,202.63 98.44,189.71 101.94,224.98
             111.22,216.20 120.72,210.45 130.44,280.85
             119.16,373.22 102.89,394.32 84.41,274.56
             81.23,261.82 78.16,255.16 75.16,265.92
             71.26,250.67 66.71,246.20 60.78,261.45
             54.86,255.19 46.97,257.11 40.03,265.30
             26.16,282.59 17.41,301.08 10.50,271.47
             8.19,283.83 6.08,290.03 4.16,248.59
             -29.00,173.28 -57.45,111.46 -66.97,111.46
             -66.97,111.46 15.47,93.12 15.47,93.12 Z
           M 164.19,185.90
           C 114.52,185.81 64.92,198.59 18.25,223.46
             28.32,227.78 37.83,232.00 46.87,238.21
             85.91,256.45 115.92,274.62 141.62,299.96
             141.62,299.96 165.65,287.52 165.65,287.52
             165.65,287.52 174.25,304.11 174.25,304.11
             174.25,304.11 234.00,296.19 234.00,296.19
             243.05,304.71 253.78,310.67 265.69,314.81
             246.84,317.16 227.97,316.15 209.12,309.09
             209.12,309.09 186.69,320.72 186.69,320.72
             218.66,338.35 257.94,341.28 283.94,326.00
             283.94,326.00 293.41,342.09 293.41,342.09
             287.29,345.69 280.80,348.50 274.03,350.56
             281.43,366.18 292.33,381.96 306.78,398.65
             341.94,439.28 387.28,446.80 405.85,402.53
             391.67,412.92 366.72,412.33 354.53,403.72
             329.49,386.02 342.96,351.53 357.03,325.59
             368.88,303.78 399.03,290.94 414.94,300.12
             427.49,307.37 430.18,325.03 423.38,342.66
             439.83,333.59 457.17,332.98 467.69,349.96
             475.53,358.17 487.63,354.12 499.94,396.35
             452.39,402.23 384.99,348.72 350.91,340.81
             311.18,224.59 291.93,164.00 291.81,164.00
             291.81,164.00 164.19,185.90 164.19,185.90 Z
           M 437.38,227.75
           C 437.83,226.84 437.36,229.09 437.38,231.12
             444.92,240.75 440.09,240.86 443.00,244.21
             461.07,251.68 470.81,238.59 452.74,226.13
             465.80,198.32 460.17,216.40 447.12,213.04
             429.04,205.57 419.31,216.67 440.84,223.14
             430.95,239.99 430.68,239.99 430.68,239.99
             430.68,239.99 437.38,227.75 437.38,227.75 Z
           M 498.87,403.86
           C 490.57,429.04 469.20,438.25 446.53,445.86
             446.53,445.86 487.68,452.27 487.68,452.27
             490.00,484.30 498.06,500.47 527.21,495.80
             538.81,468.96 481.37,469.24 471.96,469.24
             471.96,469.24 470.18,432.55 470.18,432.55
             470.18,432.55 498.87,403.86 498.87,403.86 Z" />
</svg>
